---
system-info:
      stress-ng-version: 0.15.05
      run-by: ec2-user
      date-yyyy-mm-dd: 2026:04:18
      time-hh-mm-ss: 10:05:56
      epoch-secs: 1776506756
      hostname: ip-10-200-1-128.ec2.internal
      sysname: Linux
      nodename: ip-10-200-1-128.ec2.internal
      release: 6.1.166-197.305.amzn2023.x86_64
      version: '#1 SMP PREEMPT_DYNAMIC Mon Mar 23 09:53:26 UTC 2026'
      machine: x86_64
      compiler: 'gcc 11.3.1'
      uptime: 2172
      totalram: 66331365376
      freeram: 65099501568
      sharedram: 3244032
      bufferram: 2220032
      totalswap: 0
      freeswap: 0
      pagesize: 4096
      cpus: 32
      cpus-online: 32
      ticks-per-second: 100

metrics:
    - stressor: cpu
      bogo-ops: 2252175
      bogo-ops-per-second-usr-sys-time: 1173.044949
      bogo-ops-per-second-real-time: 37535.599828
      wall-clock-time: 60.001039
      user-time: 1919.939216
      system-time: 0.000000
      cpu-usage-per-instance: 99.995102
      max-rss: 424

...
