---
system-info:
      stress-ng-version: 0.15.05
      run-by: ec2-user
      date-yyyy-mm-dd: 2026:04:18
      time-hh-mm-ss: 10:03:56
      epoch-secs: 1776506636
      hostname: ip-10-200-1-128.ec2.internal
      sysname: Linux
      nodename: ip-10-200-1-128.ec2.internal
      release: 6.1.166-197.305.amzn2023.x86_64
      version: '#1 SMP PREEMPT_DYNAMIC Mon Mar 23 09:53:26 UTC 2026'
      machine: x86_64
      compiler: 'gcc 11.3.1'
      uptime: 2052
      totalram: 66331365376
      freeram: 65091272704
      sharedram: 3227648
      bufferram: 2220032
      totalswap: 0
      freeswap: 0
      pagesize: 4096
      cpus: 32
      cpus-online: 32
      ticks-per-second: 100

metrics:
    - stressor: cpu
      bogo-ops: 2251923
      bogo-ops-per-second-usr-sys-time: 1172.914331
      bogo-ops-per-second-real-time: 37531.274344
      wall-clock-time: 60.001240
      user-time: 1919.938175
      system-time: 0.000000
      cpu-usage-per-instance: 99.994713
      max-rss: 428

...
